0 
0 
0 
0 
0 
0 
0 
0 
0 
0 
0 
0 
0 
0 
0 
0 
0 
0 
0 
0 
0 
0 
0 
305419896 
305419896 
305419896 
305419896 
305419896 
305419896 
305419896 
305419896 
305419896 
64 
-122 
-121 
0 
1 
-1 
2 
3 
4 
5 
65535 
255 
-128 
-123 
8 
-2 
31 
-2147483648 
6 
305419896 
305419896 
305419896 
305419896 
305419896 
305419896 
305419896 
305419896 
305419896 
305419896 
305419896 
20081210 
0 
305419896 
305419896 
305419896 
305419896 
305419896 
305419896 
305419896 
305419896 
305419896 
305419896 
305419896 
305419896 
305419896 
305419896 
305419896 
305419896 
305419896 
305419896 
305419896 
305419896 
305419896 
305419896 
305419896 
305419896 
305419896 
305419896 
305419896 
305419896 
305419896 
305419896 
305419896 
305419896 
305419896 
305419896 
305419896 
305419896 
305419896 
305419896 
305419896 
305419896 
305419896 
305419896 
305419896 
305419896 
305419896 
305419896 
305419896 
305419896 
305419896 
305419896 
305419896 
305419896 
305419896 
305419896 
305419896 
305419896 
305419896 
305419896 
305419896 
305419896 
305419896 
305419896 
305419896 
305419896 
305419896 
305419896 
305419896 
305419896 
305419896 
305419896 
305419896 
305419896 
305419896 
305419896 
305419896 
305419896 
305419896 
305419896 
305419896 
305419896 
305419896 
305419896 
305419896 
305419896 
305419896 
305419896 
305419896 
305419896 
305419896 
305419896 
305419896 
305419896 
305419896 
305419896 
305419896 
305419896 
305419896 
305419896 
305419896 
305419896 
305419896 
305419896 
305419896 
305419896 
305419896 
305419896 
305419896 
305419896 
305419896 
305419896 
305419896 
305419896 
305419896 
305419896 
305419896 
305419896 
305419896 
305419896 
305419896 
305419896 
305419896 
305419896 
305419896 
305419896 
305419896 
305419896 
305419896 
305419896 
305419896 
305419896 
305419896 
305419896 
305419896 
305419896 
305419896 
305419896 
305419896 
305419896 
305419896 
305419896 
305419896 
305419896 
305419896 
305419896 
305419896 
305419896 
305419896 
305419896 
305419896 
305419896 
305419896 
305419896 
305419896 
305419896 
305419896 
305419896 
305419896 
305419896 
305419896 
305419896 
305419896 
305419896 
305419896 
305419896 
305419896 
305419896 
305419896 
305419896 
305419896 
305419896 
305419896 
305419896 
305419896 
305419896 
305419896 
305419896 
305419896 
305419896 
305419896 
305419896 
305419896 
305419896 
305419896 
305419896 
305419896 
305419896 
305419896 
305419896 
305419896 
305419896 
305419896 
305419896 
