128 
128 
192 
128 
27 
193 
8 
129 
129 
224 
128 
64 
128 
128 
194 
8 
129 
129 
224 
128 
65 
128 
128 
194 
8 
129 
129 
224 
128 
98 
128 
128 
195 
8 
129 
129 
224 
34 
196 
8 
129 
129 
224 
32 
160 
196 
4 
248 
8 
129 
129 
224 
35 
196 
4 
8 
129 
129 
224 
36 
160 
196 
128 
99 
128 
128 
640 
709 
707 
708 
710 
711 
712 
713 
384 
757 
384 
384 
759 
417 
244 
4 
8 
129 
129 
736 
417 
384 
246 
4 
8 
129 
129 
736 
384 
748 
744 
745 
746 
747 
384 
532 
528 
529 
530 
531 
512 
0 
512 
760 
38 
39 
166 
167 
678 
38 
39 
40 
166 
168 
167 
678 
38 
39 
167 
166 
167 
678 
38 
39 
40 
167 
166 
168 
167 
678 
38 
39 
40 
41 
167 
166 
169 
168 
167 
678 
38 
39 
166 
679 
516 
517 
197 
3 
196 
516 
513 
514 
515 
541 
542 
540 
6 
0 
198 
197 
4 
248 
128 
100 
128 
128 
0 
742 
497 
244 
4 
282 
245 
237 
4 
533 
202 
513 
384 
386 
0 
640 
384 
386 
0 
512 
384 
386 
128 
640 
384 
384 
246 
8 
129 
129 
736 
384 
384 
246 
7 
9 
129 
129 
640 
384 
384 
246 
12 
0 
129 
129 
736 
294 
384 
246 
166 
13 
0 
129 
129 
512 
384 
244 
38 
242 
198 
5 
25 
128 
128 
166 
163 
384 
244 
203 
257 
248 
4 
4 
196 
128 
101 
128 
128 
196 
4 
8 
129 
129 
736 
11 
0 
0 
129 
129 
640 
10 
0 
129 
129 
736 
0 
204 
7 
195 
9 
165 
196 
4 
129 
129 
37 
205 
7 
196 
9 
129 
129 
640 
0 
165 
196 
5 
248 
37 
102 
205 
7 
195 
9 
129 
129 
204 
7 
196 
9 
129 
129 
640 
417 
384 
246 
4 
8 
129 
129 
224 
196 
103 
241 
46 
417 
384 
246 
260 
264 
129 
129 
224 
248 
203 
1 
38 
206 
28 
39 
240 
196 
4 
166 
5 
26 
128 
237 
248 
128 
72 
241 
46 
196 
4 
8 
129 
129 
224 
196 
5 
8 
129 
129 
224 
167 
4 
8 
129 
129 
224 
196 
105 
128 
128 
417 
384 
246 
4 
8 
129 
129 
224 
248 
203 
1 
38 
206 
28 
39 
240 
196 
4 
166 
5 
26 
128 
237 
248 
128 
74 
241 
46 
196 
4 
8 
129 
129 
224 
207 
4 
8 
129 
129 
224 
201 
4 
196 
107 
128 
128 
128 
417 
384 
246 
4 
8 
129 
129 
224 
248 
203 
1 
38 
206 
28 
39 
240 
196 
4 
166 
5 
26 
128 
237 
248 
128 
76 
241 
46 
196 
4 
8 
129 
129 
224 
167 
4 
248 
196 
4 
8 
160 
45 
32 
129 
129 
224 
242 
231 
5 
47 
160 
8 
161 
48 
129 
129 
224 
15 
248 
208 
1 
51 
201 
28 
248 
208 
1 
52 
201 
28 
33 
240 
196 
4 
248 
179 
5 
53 
181 
196 
4 
24 
180 
4 
128 
27 
0 
0 
181 
175 
231 
25 
174 
176 
173 
129 
129 
640 
38 
248 
8 
32 
33 
24 
129 
129 
224 
15 
47 
128 
27 
0 
0 
231 
175 
4 
25 
166 
129 
129 
640 
38 
39 
248 
8 
32 
33 
24 
129 
129 
224 
15 
47 
128 
27 
0 
0 
231 
175 
4 
25 
167 
166 
129 
129 
640 
248 
8 
32 
33 
24 
129 
129 
224 
15 
47 
128 
27 
231 
175 
4 
25 
0 
0 
129 
129 
640 
129 
129 
164 
198 
4 
196 
128 
109 
128 
128 
129 
129 
164 
200 
4 
196 
128 
110 
128 
128 
417 
384 
246 
4 
248 
8 
196 
4 
129 
129 
224 
38 
8 
166 
129 
129 
736 
195 
707 
195 
708 
38 
0 
678 
232 
745 
233 
746 
234 
747 
241 
248 
196 
4 
24 
38 
234 
235 
166 
24 
640 
241 
504 
244 
4 
24 
38 
232 
233 
166 
24 
640 
17 
528 
18 
529 
19 
530 
241 
248 
196 
4 
24 
38 
19 
18 
166 
24 
640 
241 
504 
244 
4 
24 
38 
17 
16 
166 
24 
640 
384 
384 
246 
248 
8 
196 
4 
38 
129 
129 
224 
166 
8 
129 
129 
736 
295 
294 
246 
248 
7 
166 
9 
196 
4 
129 
129 
7 
167 
9 
129 
129 
640 
248 
128 
79 
128 
128 
8 
129 
129 
224 
384 
384 
246 
4 
248 
8 
196 
4 
38 
129 
129 
224 
166 
8 
129 
129 
736 
39 
38 
248 
128 
80 
128 
128 
8 
129 
129 
224 
384 
384 
246 
4 
248 
7 
166 
9 
196 
4 
129 
129 
7 
167 
9 
129 
129 
640 
38 
40 
39 
248 
248 
81 
196 
4 
8 
129 
129 
224 
196 
5 
167 
5 
167 
2 
209 
1 
128 
114 
128 
128 
8 
129 
129 
224 
167 
196 
29 
4 
41 
169 
7 
168 
9 
169 
196 
4 
129 
129 
7 
166 
9 
129 
129 
640 
39 
248 
248 
83 
196 
4 
8 
129 
129 
224 
196 
5 
167 
5 
167 
2 
209 
1 
128 
116 
128 
128 
8 
129 
129 
224 
167 
196 
29 
4 
248 
41 
8 
129 
129 
224 
169 
196 
4 
8 
129 
129 
736 
242 
196 
5 
25 
164 
196 
128 
117 
128 
128 
242 
196 
5 
25 
164 
210 
4 
196 
128 
118 
128 
128 
242 
196 
5 
25 
128 
128 
163 
384 
244 
203 
1 
248 
4 
4 
196 
128 
119 
128 
128 
242 
196 
5 
25 
128 
128 
163 
384 
244 
203 
1 
248 
4 
4 
38 
417 
384 
246 
4 
8 
129 
129 
224 
166 
196 
128 
120 
128 
128 
242 
196 
5 
25 
128 
128 
163 
384 
244 
203 
1 
248 
4 
4 
38 
384 
384 
246 
166 
196 
128 
121 
128 
128 
8 
129 
129 
736 
7 
9 
129 
129 
640 
26 
128 
749 
26 
128 
533 
240 
196 
516 
128 
27 
0 
512 
753 
24 
640 
197 
4 
40 
8 
39 
129 
129 
224 
38 
168 
248 
167 
4 
26 
248 
166 
4 
7 
237 
9 
248 
129 
129 
122 
197 
4 
512 
197 
4 
40 
39 
8 
129 
129 
224 
38 
168 
248 
166 
4 
8 
248 
167 
4 
26 
129 
129 
224 
21 
248 
128 
123 
197 
4 
512 
14 
0 
129 
129 
512 
640 
0 
0 
0 
0 
0 
0 
0 
0 
0 
0 
0 
0 
0 
0 
0 
0 
0 
0 
0 
0 
0 
0 
0 
0 
0 
0 
0 
0 
0 
0 
0 
0 
0 
0 
0 
0 
0 
0 
0 
0 
0 
0 
0 
0 
0 
0 
0 
0 
0 
0 
0 
0 
0 
0 
0 
0 
0 
0 
0 
0 
0 
0 
0 
0 
0 
0 
0 
0 
0 
0 
0 
0 
0 
0 
0 
0 
0 
0 
0 
0 
0 
0 
0 
0 
0 
0 
0 
0 
0 
0 
0 
0 
0 
0 
0 
0 
0 
0 
0 
0 
0 
0 
0 
0 
0 
0 
0 
0 
0 
0 
0 
0 
0 
0 
0 
0 
0 
0 
0 
0 
0 
0 
0 
0 
0 
0 
0 
0 
0 
0 
0 
0 
0 
0 
0 
0 
0 
0 
0 
0 
0 
0 
0 
0 
0 
0 
0 
0 
0 
0 
0 
0 
0 
0 
0 
0 
0 
0 
0 
0 
0 
0 
0 
0 
0 
0 
0 
0 
0 
0 
0 
0 
0 
0 
0 
0 
0 
0 
0 
0 
0 
0 
0 
0 
0 
0 
0 
0 
0 
0 
0 
0 
0 
0 
0 
0 
0 
0 
0 
0 
0 
0 
0 
0 
0 
0 
0 
0 
0 
0 
0 
0 
0 
0 
0 
0 
0 
0 
0 
0 
0 
0 
0 
0 
0 
0 
0 
0 
0 
0 
0 
0 
0 
0 
0 
0 
0 
0 
0 
0 
0 
0 
0 
0 
0 
0 
0 
0 
0 
0 
0 
0 
0 
0 
0 
0 
0 
0 
0 
0 
0 
0 
0 
0 
0 
0 
0 
0 
0 
0 
0 
0 
0 
0 
0 
0 
0 
0 
0 
0 
0 
0 
0 
0 
0 
0 
0 
0 
0 
0 
0 
0 
0 
0 
0 
0 
0 
0 
0 
0 
0 
0 
0 
0 
0 
0 
0 
0 
0 
0 
0 
0 
0 
0 
0 
0 
0 
0 
0 
0 
0 
0 
0 
0 
0 
0 
0 
0 
0 
0 
0 
0 
0 
0 
0 
0 
0 
0 
0 
0 
0 
0 
0 
0 
0 
0 
0 
0 
0 
0 
0 
0 
0 
0 
0 
0 
0 
0 
0 
0 
0 
0 
0 
0 
0 
0 
0 
0 
0 
0 
0 
0 
0 
0 
0 
0 
0 
0 
0 
0 
0 
0 
0 
0 
0 
0 
0 
0 
0 
0 
0 
0 
0 
0 
0 
0 
0 
0 
0 
0 
0 
0 
0 
0 
0 
0 
0 
0 
0 
0 
0 
0 
0 
0 
0 
0 
0 
0 
0 
0 
0 
0 
0 
0 
0 
0 
0 
0 
0 
0 
0 
0 
0 
0 
0 
0 
0 
0 
0 
0 
0 
0 
0 
0 
0 
0 
0 
0 
0 
0 
0 
0 
0 
0 
0 
0 
0 
0 
0 
0 
0 
0 
0 
0 
0 
0 
0 
0 
0 
0 
0 
0 
0 
0 
0 
0 
0 
0 
0 
0 
0 
0 
0 
0 
0 
0 
0 
0 
0 
0 
0 
0 
0 
0 
0 
0 
0 
0 
0 
0 
0 
0 
0 
0 
0 
0 
0 
0 
0 
0 
0 
0 
0 
0 
0 
0 
0 
0 
0 
0 
0 
0 
0 
0 
0 
0 
0 
0 
0 
0 
0 
0 
0 
0 
0 
0 
0 
0 
0 
0 
0 
0 
0 
0 
0 
0 
0 
0 
0 
0 
0 
0 
0 
0 
0 
0 
0 
0 
0 
0 
0 
0 
0 
0 
0 
0 
0 
0 
0 
0 
0 
0 
0 
0 
0 
0 
0 
0 
0 
0 
0 
0 
0 
0 
0 
0 
0 
0 
0 
0 
0 
0 
0 
0 
0 
0 
0 
0 
0 
0 
0 
0 
0 
0 
0 
0 
0 
0 
0 
0 
0 
0 
0 
0 
0 
0 
0 
0 
0 
0 
0 
0 
0 
0 
0 
0 
0 
0 
0 
0 
0 
0 
0 
0 
0 
0 
0 
0 
0 
0 
0 
0 
0 
0 
0 
0 
0 
0 
0 
0 
0 
0 
0 
0 
0 
0 
0 
0 
0 
0 
0 
0 
0 
0 
0 
0 
0 
0 
0 
0 
0 
0 
0 
0 
0 
0 
0 
0 
0 
0 
0 
0 
0 
0 
0 
0 
0 
0 
0 
0 
0 
0 
0 
0 
0 
0 
0 
0 
0 
0 
0 
0 
0 
0 
0 
0 
0 
0 
0 
0 
0 
0 
0 
0 
0 
0 
0 
0 
0 
0 
0 
0 
0 
0 
0 
0 
0 
0 
0 
0 
0 
0 
0 
0 
0 
0 
0 
0 
0 
0 
0 
0 
0 
0 
0 
0 
0 
0 
0 
0 
0 
0 
0 
0 
0 
0 
0 
0 
0 
0 
0 
0 
0 
0 
0 
0 
0 
0 
0 
0 
0 
0 
0 
0 
0 
0 
0 
0 
0 
0 
0 
0 
0 
0 
0 
0 
0 
0 
0 
0 
0 
0 
0 
0 
0 
0 
0 
0 
0 
0 
0 
0 
0 
0 
0 
0 
0 
0 
0 
0 
0 
0 
0 
0 
0 
0 
0 
0 
0 
0 
0 
0 
0 
0 
0 
0 
0 
0 
0 
0 
0 
0 
0 
0 
0 
0 
0 
0 
0 
0 
0 
0 
0 
0 
0 
0 
0 
0 
0 
0 
0 
0 
0 
0 
0 
0 
0 
0 
0 
0 
0 
0 
0 
0 
0 
0 
0 
0 
0 
0 
0 
0 
0 
0 
0 
0 
0 
0 
0 
0 
0 
0 
0 
0 
0 
0 
0 
0 
0 
0 
0 
0 
0 
0 
0 
0 
0 
0 
0 
0 
0 
0 
0 
0 
0 
0 
0 
0 
0 
0 
0 
0 
0 
0 
0 
0 
0 
0 
0 
0 
0 
0 
0 
0 
0 
0 
0 
0 
0 
0 
0 
0 
0 
0 
0 
0 
0 
0 
0 
0 
0 
0 
0 
0 
0 
0 
0 
0 
0 
0 
0 
0 
0 
0 
0 
0 
0 
0 
0 
0 
0 
0 
0 
0 
0 
0 
0 
0 
0 
0 
0 
0 
0 
0 
0 
0 
0 
0 
0 
0 
0 
0 
0 
0 
0 
0 
0 
0 
0 
0 
0 
0 
0 
0 
0 
0 
0 
0 
0 
0 
0 
0 
0 
0 
0 
0 
0 
